1 120439
2 120476
3 120520
4 121607
5 121640
6 121504
7 121559
8 122576
9 127004
10 126950
11 127157
12 126935
13 127074
14 127223
15 127235
16 127013
17 126812
18 134254
19 143696
20 143546
21 143090
22 143464
23 143260
24 143523
25 143329
26 143172
27 143803
28 143837
29 143504
30 142946
31 143581
32 143463
33 143317
34 143752
35 143167
36 143171
37 143590
38 180938
39 183113
40 182656
41 184281
42 183064
43 185182
44 182272
45 183366
46 182243
47 184163
48 183452
49 184487
50 184337
51 183288
52 184254
53 184643
54 183977
55 183880
56 183178
57 182475
58 183488
59 183781
60 183086
61 182932
62 182894
63 183528
64 183485
65 184250
66 183830
67 182477
68 183038
69 182661
70 183803
71 182858
72 183129
73 183005
74 182469
75 183688
76 184005
77 261003
78 268884
79 274095
80 271110
81 272211
82 273493
83 269597
84 271899
85 271993
86 271463
87 271540
88 270337
89 270841
90 270269
91 269811
92 271390
93 271469
94 273858
95 273238
96 271001
97 272053
98 271218
99 272184
100 271555
