1 220093806
2 220092437
3 220210642
4 221103580
5 221099372
6 221098204
7 221096826
8 223139180
9 226401538
10 226407372
11 226412784
12 226403427
13 226402491
14 226402513
15 226409168
16 226405041
17 226396441
18 240991395
19 242309029
20 242282657
21 242298189
22 242283696
23 242303446
24 242301683
25 242322887
26 242289307
27 242326763
28 242309225
29 242324384
30 242293777
31 242321681
32 242297618
33 242294667
34 242302618
35 242294418
36 242307436
37 275221291
38 281207267
39 281252056
40 281223172
41 281223493
42 281261953
43 281203049
44 281174456
45 281190936
46 281242723
47 281247370
48 281204437
49 281258544
50 281214095
51 281229081
52 281203913
53 281219560
54 281250586
55 281232808
56 281234105
57 281204085
58 281213695
59 281169061
60 281233136
61 281224614
62 281253797
63 281237624
64 281253020
65 281243872
66 281226853
67 281235060
68 281232078
69 281219320
70 281228518
71 281226364
72 281268610
73 281240084
74 281228277
75 341478066
76 367323905
77 367335348
78 367264989
79 367290295
80 367334915
81 367343573
82 367278692
83 367266138
84 367242522
85 367313230
86 367307503
87 367271228
88 367219306
89 367274631
90 367322980
91 367333178
92 367303275
93 367309968
94 367282490
95 367320596
96 367308047
97 367312827
98 367290992
99 367275386
100 367332027
