1 1536331
2 1536459
3 1536975
4 1537144
5 1554676
6 1557771
7 1557588
8 1558239
9 1557489
10 1558191
11 1618418
12 1639856
13 1639682
14 1638715
15 1640346
16 1638906
17 1637795
18 1640091
19 1640733
20 1639104
21 1638994
22 1639505
23 1763817
24 1861827
25 1859191
26 1861184
27 1862344
28 1861428
29 1860842
30 1861833
31 1862177
32 1860412
33 1860912
34 1864283
35 1863314
36 1862668
37 1862346
38 1862055
39 1860348
40 1862411
41 1862642
42 1860557
43 1860897
44 1860221
45 1861016
46 1861434
47 1946425
48 2387207
49 2384518
50 2385941
51 2377900
52 2382418
53 2385543
54 2386425
55 2384473
56 2384691
57 2385385
58 2384050
59 2380174
60 2381547
61 2381544
62 2384411
63 2381161
64 2381040
65 2382137
66 2384886
67 2380742
68 2385398
69 2381324
70 2379399
71 2382206
72 2387860
73 2384082
74 2383601
75 2381164
76 2382420
77 2383238
78 2380258
79 2378514
80 2380055
81 2380347
82 2386746
83 2388025
84 2381011
85 2381988
86 2384800
87 2378285
88 2383452
89 2379095
90 2386720
91 2384957
92 2381824
93 2384394
94 2384480
95 2382637
96 2765141
97 3507349
98 3504151
99 3495950
100 3515374
