1 8706
2 8719
3 8752
4 8768
5 8774
6 8819
7 9126
8 9107
9 9107
10 9224
11 9191
12 9141
13 9192
14 9533
15 10430
16 10403
17 10393
18 10302
19 10342
20 10350
21 10405
22 10344
23 10465
24 10326
25 10197
26 10192
27 10379
28 10235
29 10451
30 12538
31 13417
32 13320
33 13561
34 13271
35 13394
36 13110
37 13489
38 13540
39 13654
40 13111
41 13395
42 13463
43 13314
44 13569
45 13418
46 13365
47 13339
48 13176
49 13607
50 13370
51 13419
52 13443
53 13501
54 13410
55 13313
56 13513
57 13610
58 13458
59 13251
60 13440
61 17019
62 19810
63 20230
64 20331
65 20283
66 20515
67 20126
68 20603
69 20077
70 20467
71 20077
72 21007
73 20019
74 20292
75 20439
76 20763
77 19620
78 19996
79 19985
80 20031
81 20395
82 20059
83 20204
84 19349
85 20347
86 20471
87 20267
88 20322
89 20102
90 20508
91 20668
92 20384
93 20015
94 20037
95 19745
96 20225
97 20120
98 19975
99 20428
100 19338
