1000 1 8713 273
1000 2 8673 227
1000 3 8708 202
1000 4 8811 208
1000 5 8771 153
1000 6 8776 200
1000 7 8808 148
1000 8 9165 280
1000 9 9104 123
1000 10 9199 188
1000 11 9134 136
1000 12 9128 151
1000 13 9095 189
1000 14 9160 176
1000 15 9536 123
1000 16 10441 109
1000 17 10382 109
1000 18 10366 124
1000 19 10260 124
1000 20 10262 115
1000 21 10241 111
1000 22 10405 115
1000 23 10264 158
1000 24 10317 145
1000 25 10368 111
1000 26 10221 110
1000 27 10383 111
1000 28 10285 110
1000 29 10372 113
1000 30 10425 122
1000 31 12567 113
1000 32 13179 103
1000 33 12930 104
1000 34 13462 112
1000 35 13206 106
1000 36 13039 105
1000 37 13620 106
1000 38 13485 119
1000 39 13528 105
1000 40 13213 108
1000 41 13384 118
1000 42 13364 105
1000 43 13248 108
1000 44 13653 113
1000 45 13464 108
1000 46 13318 106
1000 47 13462 123
1000 48 13535 105
1000 49 13499 149
1000 50 13361 141
1000 51 13298 143
1000 52 13416 105
1000 53 13257 142
1000 54 13296 105
1000 55 13312 109
1000 56 13218 145
1000 57 13261 114
1000 58 13403 104
1000 59 13441 127
1000 60 13561 109
1000 61 13175 111
1000 62 16677 145
1000 63 20050 109
1000 64 19650 112
1000 65 20651 112
1000 66 20058 109
1000 67 20432 167
1000 68 20093 213
1000 69 20302 139
1000 70 19903 117
1000 71 20314 111
1000 72 20815 138
1000 73 20105 110
1000 74 19935 139
1000 75 20248 158
1000 76 20079 241
1000 77 19942 131
1000 78 20460 118
1000 79 20213 110
1000 80 20498 120
1000 81 20108 108
1000 82 20720 111
1000 83 20234 111
1000 84 20398 112
1000 85 20179 115
1000 86 19959 115
1000 87 19802 116
1000 88 20608 112
1000 89 20590 110
1000 90 20297 117
1000 91 20484 119
1000 92 20464 124
1000 93 19818 432
1000 94 19804 107
1000 95 20154 204
1000 96 20772 186
1000 97 20186 178
1000 98 20261 119
1000 99 19929 110
1000 100 20232 110
10000 1 120439 2915
10000 2 120321 2828
10000 3 120502 2215
10000 4 120386 2047
10000 5 121457 1847
10000 6 121507 2036
10000 7 121462 1981
10000 8 121516 1944
10000 9 122595 2455
10000 10 126870 2254
10000 11 126836 1610
10000 12 127005 1597
10000 13 126781 1570
10000 14 127035 1618
10000 15 127297 2217
10000 16 126905 1637
10000 17 127022 3194
10000 18 126976 1575
10000 19 134118 1602
10000 20 143226 1974
10000 21 143260 1890
10000 22 143569 1484
10000 23 143262 1551
10000 24 143141 1538
10000 25 143540 1638
10000 26 143468 1474
10000 27 143830 1464
10000 28 143484 1624
10000 29 143465 1576
10000 30 143561 1532
10000 31 143498 1520
10000 32 143061 1721
10000 33 143483 1473
10000 34 143135 1467
10000 35 143173 1617
10000 36 143665 1612
10000 37 143355 1597
10000 38 143222 1753
10000 39 180819 1492
10000 40 183323 2118
10000 41 183893 1466
10000 42 183891 1531
10000 43 183561 1558
10000 44 184011 1467
10000 45 183726 2166
10000 46 182498 2013
10000 47 183834 1774
10000 48 183860 1449
10000 49 182946 1773
10000 50 183530 3397
10000 51 183162 1782
10000 52 183066 2046
10000 53 183836 1495
10000 54 181823 1636
10000 55 182756 1585
10000 56 183172 3045
10000 57 183185 1780
10000 58 183349 2276
10000 59 184419 3470
10000 60 182925 1781
10000 61 183793 1461
10000 62 183905 2145
10000 63 184033 1506
10000 64 182792 2144
10000 65 183228 1501
10000 66 184593 1602
10000 67 184182 1578
10000 68 183146 1448
10000 69 183590 1871
10000 70 183567 4018
10000 71 184407 1736
10000 72 185244 1758
10000 73 183917 1526
10000 74 184345 1538
10000 75 183803 1600
10000 76 184149 1627
10000 77 184216 2514
10000 78 261653 2117
10000 79 273305 1775
10000 80 269805 3791
10000 81 270467 2243
10000 82 273177 1887
10000 83 273513 1667
10000 84 271003 2089
10000 85 271401 2941
10000 86 269514 1669
10000 87 274456 2339
10000 88 272367 2215
10000 89 270782 1942
10000 90 275470 2254
10000 91 272526 1602
10000 92 272768 2512
10000 93 273197 1600
10000 94 270367 2583
10000 95 270399 4413
10000 96 273227 4208
10000 97 271218 1654
10000 98 274145 2884
10000 99 271138 1714
10000 100 273294 2124
100000 1 1536713 33057
100000 2 1536233 29732
100000 3 1536491 24506
100000 4 1536523 25074
100000 5 1536712 24727
100000 6 1554876 22329
100000 7 1557787 21778
100000 8 1557921 23421
100000 9 1557927 20897
100000 10 1557970 22874
100000 11 1557905 21798
100000 12 1619622 20700
100000 13 1640135 20470
100000 14 1639027 19940
100000 15 1639236 20831
100000 16 1639077 21211
100000 17 1639813 20382
100000 18 1640361 19074
100000 19 1640362 19216
100000 20 1639487 19590
100000 21 1639177 19615
100000 22 1638844 19523
100000 23 1639446 21202
100000 24 1762584 19127
100000 25 1861224 18524
100000 26 1862050 18025
100000 27 1860746 18306
100000 28 1860031 18272
100000 29 1860609 18277
100000 30 1862084 18095
100000 31 1861946 18710
100000 32 1862936 19214
100000 33 1861883 19320
100000 34 1862237 17773
100000 35 1863723 18385
100000 36 1861416 18540
100000 37 1862951 19267
100000 38 1862317 18288
100000 39 1861289 17780
100000 40 1861231 18955
100000 41 1863961 18006
100000 42 1862929 18156
100000 43 1860692 17978
100000 44 1859537 18042
100000 45 1861477 19113
100000 46 1861665 18292
100000 47 1863120 18466
100000 48 1947681 17954
100000 49 2383738 18664
100000 50 2382875 18751
100000 51 2383122 19629
100000 52 2385825 18788
100000 53 2386461 18774
100000 54 2382740 18385
100000 55 2383338 18787
100000 56 2386415 18670
100000 57 2383128 19177
100000 58 2380654 18793
100000 59 2383175 19011
100000 60 2383650 18595
100000 61 2381121 18617
100000 62 2384391 18748
100000 63 2380670 18633
100000 64 2383173 18846
100000 65 2384498 18543
100000 66 2381683 18234
100000 67 2382520 18963
100000 68 2386234 19203
100000 69 2378972 18594
100000 70 2378142 19259
100000 71 2381604 18647
100000 72 2381907 18789
100000 73 2378798 18958
100000 74 2381116 18786
100000 75 2383852 18959
100000 76 2381259 19728
100000 77 2380834 19031
100000 78 2387965 18815
100000 79 2380381 18253
100000 80 2378466 18268
100000 81 2384191 18314
100000 82 2385605 18260
100000 83 2385659 18606
100000 84 2383861 18244
100000 85 2384969 18465
100000 86 2381619 18804
100000 87 2383993 19782
100000 88 2386944 18755
100000 89 2379647 19247
100000 90 2378742 19116
100000 91 2381787 18185
100000 92 2381763 18931
100000 93 2381117 19629
100000 94 2383479 18182
100000 95 2380837 18640
100000 96 2382397 18799
100000 97 2770613 19318
100000 98 3506265 20633
100000 99 3505893 20209
100000 100 3500573 21563
1000000 1 18674666 355406
1000000 2 18674367 292091
1000000 3 18674028 285811
1000000 4 18727888 257653
1000000 5 18727684 256030
1000000 6 18727164 256412
1000000 7 18821084 248680
1000000 8 19072324 232905
1000000 9 19071672 239318
1000000 10 19073527 232204
1000000 11 19074330 229420
1000000 12 19072973 237170
1000000 13 19074670 232380
1000000 14 19071329 231140
1000000 15 19887328 219579
1000000 16 20221663 218350
1000000 17 20225820 219341
1000000 18 20219813 214546
1000000 19 20222949 218240
1000000 20 20222533 213361
1000000 21 20225246 217957
1000000 22 20226390 214985
1000000 23 20222432 217328
1000000 24 20221662 214210
1000000 25 20219885 221492
1000000 26 20221794 214811
1000000 27 20230444 215024
1000000 28 20222545 214939
1000000 29 20223375 214339
1000000 30 21595351 211137
1000000 31 23194869 207776
1000000 32 23180975 205894
1000000 33 23184580 215901
1000000 34 23185450 211614
1000000 35 23182602 206800
1000000 36 23183634 208316
1000000 37 23180636 213618
1000000 38 23186347 211289
1000000 39 23189160 210777
1000000 40 23188511 217288
1000000 41 23186894 210100
1000000 42 23189164 210108
1000000 43 23181890 215001
1000000 44 23181312 207566
1000000 45 23186257 217732
1000000 46 23194386 214228
1000000 47 23191838 211882
1000000 48 23183708 215064
1000000 49 23184210 215107
1000000 50 23188710 206454
1000000 51 23179117 214078
1000000 52 23182547 213150
1000000 53 23192730 216703
1000000 54 23176814 209790
1000000 55 23190712 210607
1000000 56 23175033 214013
1000000 57 23189070 211030
1000000 58 23181414 215583
1000000 59 23189154 209671
1000000 60 23188391 216624
1000000 61 29655001 212975
1000000 62 29885071 223639
1000000 63 29897498 215235
1000000 64 29901070 214852
1000000 65 29906098 223524
1000000 66 29915383 226759
1000000 67 29878543 221803
1000000 68 29918594 225139
1000000 69 29915676 219746
1000000 70 29889384 228340
1000000 71 29874876 222854
1000000 72 29909238 221783
1000000 73 29897381 226162
1000000 74 29897709 224817
1000000 75 29893837 227022
1000000 76 29884474 213537
1000000 77 29909467 230085
1000000 78 29912070 218574
1000000 79 29899788 225172
1000000 80 29888963 217934
1000000 81 29901616 224824
1000000 82 29910444 228587
1000000 83 29904037 219376
1000000 84 29905102 216186
1000000 85 29891808 222896
1000000 86 29890127 224822
1000000 87 29898588 214880
1000000 88 29887934 221663
1000000 89 29905394 219455
1000000 90 29914397 222911
1000000 91 29891689 220885
1000000 92 29909947 225588
1000000 93 29905376 224123
1000000 94 29904340 224702
1000000 95 29907715 223149
1000000 96 29906261 231681
1000000 97 29909102 214989
1000000 98 29899976 228688
1000000 99 29899915 215653
1000000 100 29890003 221011
10000000 1 220098533 3845990
10000000 2 220099240 3324336
10000000 3 220100656 3107860
10000000 4 220222127 3017775
10000000 5 221107795 2760361
10000000 6 221107107 2758748
10000000 7 221104627 2772147
10000000 8 221107619 2767230
10000000 9 223146793 2677191
10000000 10 226423089 2561997
10000000 11 226411977 2567162
10000000 12 226423944 2552906
10000000 13 226417160 2562315
10000000 14 226414923 2655638
10000000 15 226415025 2596102
10000000 16 226420123 2607142
10000000 17 226418648 2569772
10000000 18 226424330 2575556
10000000 19 241009174 2436299
10000000 20 242315876 2449197
10000000 21 242298176 2429679
10000000 22 242323103 2450485
10000000 23 242317207 2453323
10000000 24 242305744 2426534
10000000 25 242311012 2428791
10000000 26 242327205 2454231
10000000 27 242302829 2453824
10000000 28 242299696 2578859
10000000 29 242322835 2449993
10000000 30 242317091 2436523
10000000 31 242320671 2430105
10000000 32 242329859 2438293
10000000 33 242314249 2421820
10000000 34 242309324 2473811
10000000 35 242331952 2432200
10000000 36 242329708 2440015
10000000 37 242305986 2464284
10000000 38 275289114 2465794
10000000 39 281253187 2418603
10000000 40 281237914 2457634
10000000 41 281260161 2457407
10000000 42 281233958 2503328
10000000 43 281210734 2446397
10000000 44 281236547 2449052
10000000 45 281231784 2444342
10000000 46 281256501 2474189
10000000 47 281269681 2455862
10000000 48 281241856 2451679
10000000 49 281248812 2425368
10000000 50 281257919 2421953
10000000 51 281269149 2421081
10000000 52 281234162 2450979
10000000 53 281267265 2431455
10000000 54 281245685 2450591
10000000 55 281252982 2436576
10000000 56 281201296 2453693
10000000 57 281226621 2427692
10000000 58 281260626 2445982
10000000 59 281270463 2431524
10000000 60 281280349 2452639
10000000 61 281250494 2457023
10000000 62 281252859 2427979
10000000 63 281244358 2444478
10000000 64 281246919 2446104
10000000 65 281271533 2441161
10000000 66 281276313 2434691
10000000 67 281264302 2417046
10000000 68 281248335 2466342
10000000 69 281215351 2459697
10000000 70 281262557 2439576
10000000 71 281259178 2459530
10000000 72 281246169 2463002
10000000 73 281212218 2466246
10000000 74 281254057 2439699
10000000 75 281260473 2419627
10000000 76 341511839 2555548
10000000 77 367256847 2584767
10000000 78 367338997 2603364
10000000 79 367312976 2572736
10000000 80 367264898 2564547
10000000 81 367344266 2621351
10000000 82 367339343 2591681
10000000 83 367349620 2572404
10000000 84 367322279 2589968
10000000 85 367347367 2584682
10000000 86 367280919 2587822
10000000 87 367226332 2557387
10000000 88 367331282 2574427
10000000 89 367344707 2591951
10000000 90 367271587 2585543
10000000 91 367326106 2604329
10000000 92 367411917 2602854
10000000 93 367279950 2554346
10000000 94 367297817 2561775
10000000 95 367298137 2585728
10000000 96 367361456 2571315
10000000 97 367331777 2555384
10000000 98 367383456 2569282
10000000 99 367350338 2672840
10000000 100 367353270 2604268

