1 544 0.0001799
2 536 4.55e-05
3 546 7.06e-05
4 554 6.95e-05
5 568 5.03e-05
6 584 4.16e-05
7 556 2.68e-05
8 565 3.26e-05
9 570 3.44e-05
10 578 3.35e-05
11 608 3.34e-05
12 625 2.61e-05
13 644 2.81e-05
14 630 2.83e-05
15 625 2.67e-05
16 651 2.62e-05
17 687 2.71e-05
18 676 2.63e-05
19 637 2.55e-05
20 652 2.5e-05
21 667 2.53e-05
22 625 2.51e-05
23 665 2.51e-05
24 852 1.95e-05
25 867 1.91e-05
26 869 1.89e-05
27 816 1.89e-05
28 905 2.07e-05
29 949 1.99e-05
30 938 1.97e-05
31 876 1.91e-05
32 879 2.09e-05
33 962 2.06e-05
34 861 1.99e-05
35 856 2.01e-05
36 821 1.94e-05
37 819 1.94e-05
38 938 1.97e-05
39 932 2.02e-05
40 848 2e-05
41 885 1.96e-05
42 855 2.01e-05
43 926 2.02e-05
44 892 2.06e-05
45 861 2.09e-05
46 888 2.02e-05
47 917 2.16e-05
48 884 2.02e-05
49 1532 2.2e-05
50 1450 2.03e-05
51 1212 1.74e-05
52 1337 1.93e-05
53 1340 1.4e-05
54 1416 1.95e-05
55 1459 2e-05
56 1551 2.01e-05
57 1426 1.91e-05
58 1572 2.04e-05
59 1426 1.92e-05
60 1573 2.18e-05
61 1441 2.03e-05
62 1597 2.08e-05
63 1452 2.01e-05
64 1514 2.08e-05
65 1308 1.94e-05
66 1323 1.89e-05
67 1434 1.95e-05
68 1526 2.05e-05
69 1525 2.09e-05
70 1283 1.87e-05
71 1372 1.9e-05
72 1412 1.99e-05
73 1323 1.95e-05
74 1642 2.1e-05
75 1342 1.86e-05
76 1381 1.89e-05
77 1386 2.74e-05
78 1444 1.4e-05
79 1349 1.23e-05
80 1391 2.29e-05
81 1370 2.39e-05
82 1492 2.34e-05
83 1463 1.64e-05
84 1402 2.05e-05
85 1503 2.14e-05
86 1299 2.03e-05
87 1456 1.41e-05
88 1527 2.35e-05
89 1290 2.01e-05
90 1468 2.35e-05
91 1316 2.1e-05
92 1368 2.18e-05
93 1505 2.19e-05
94 1448 2.02e-05
95 1417 2.07e-05
96 1330 1.57e-05
97 1283 1.83e-05
98 1459 2.02e-05
99 2230 2.38e-05
100 2770 3.04e-05
