1 18672823
2 18674674
3 18728293
4 18727716
5 18727945
6 18821338
7 19071901
8 19072147
9 19071585
10 19071436
11 19070464
12 19072620
13 19069499
14 19887525
15 20224727
16 20223608
17 20221511
18 20218401
19 20222991
20 20219157
21 20221635
22 20223531
23 20221459
24 20220398
25 20222676
26 20221908
27 20222395
28 20222938
29 21593790
30 23181526
31 23185426
32 23185549
33 23178925
34 23186389
35 23186647
36 23184211
37 23186145
38 23190891
39 23188585
40 23183997
41 23183596
42 23187189
43 23190121
44 23180577
45 23177037
46 23188580
47 23179098
48 23182130
49 23178734
50 23180793
51 23182455
52 23184311
53 23166233
54 23172925
55 23182470
56 23187458
57 23179348
58 23183101
59 23183222
60 29665723
61 29911148
62 29903628
63 29899927
64 29890762
65 29884861
66 29901203
67 29890474
68 29905952
69 29889713
70 29891648
71 29913754
72 29904092
73 29907043
74 29913713
75 29881313
76 29880989
77 29893933
78 29891622
79 29898866
80 29886938
81 29903690
82 29891109
83 29902298
84 29887503
85 29901053
86 29894417
87 29893545
88 29896263
89 29916279
90 29904311
91 29898512
92 29906998
93 29896978
94 29894838
95 29908456
96 29895319
97 29918507
98 29889933
99 29897212
100 29886701
